# abby version with additional bounding box element

links	"jaco_link_base" "jaco_link_1" "jaco_link_2" "jaco_link_3" "jaco_link_4" "jaco_link_5" "jaco_link_hand" "jaco_link_finger_1" "jaco_link_finger_2" "jaco_link_finger_3" "jaco_link_additional_limb"
# count: 10

parents	-1 0 1 2 3 4 5 6 6 6 6
# count: 10

axis	0 0 1	0 0 -1	0 0 1	0 0 -1	0 0 -1	0 0 -1	0 0 -1	0 0 1	0 0 1	0 0 1 0 0 1
# count: 10 (sets of three)

jointtype	r r r r r r r r r r r
# count: 10

#translational vector
Tparent	1 0 0	0 1 0	0 0 1	0 0 0 \
-1 -2.06823e-13 4.27758e-26	-2.06823e-13 1 -2.06823e-13	1.31021e-42 -2.06823e-13 -1	0 0 0.1535 \
-1 2.06823e-13 -1.01274e-24	4.38188e-30 4.89667e-12 1	2.06823e-13 1 -4.89663e-12	0 0 -0.1185 \
4.89667e-12 1 -2.06823e-13	1 -4.89663e-12 1.01274e-24	-4.38188e-30 -2.06823e-13 -1	0.41 0 0 \
4.89667e-12 -2.06823e-13 -1	-4.38188e-30 -1 2.06823e-13	-1 -1.01274e-24 -4.89663e-12	0.207 0 -0.01125 \
0.573576 -0 -0.819152	0 1 -0	0.819152 0 0.573576	0.0343 0 -0.06588 \
4.89659e-12 -0.573576 -0.819152	1 2.80855e-12 4.01108e-12	-7.48099e-18 -0.819152 0.573576	0.0343 0 -0.06588 \
-0.438381 0.875628 0.202726	-3.22053e-06 0.225553 -0.974231	-0.898789 -0.427085 -0.0988751	-0.03978 0 -0.10071 \
0.426214 -0.884711 0.188753	-0.102564 0.160049 0.981766	-0.898789 -0.437802 -0.0225245	0.03569 -0.0216 -0.10071 \
0.400433 -0.896675 -0.188751	0.0978992 -0.162943 0.981766	-0.911081 -0.41161 0.022536	0.03569 0.0216 -0.10071 \
